CatheterConfig F A F A F
NumLocalizationMarkers 5
oRlist 1.5875 1.5875 1.5875
iRlist 0.9906 0.9906 0.9906 
YoungModlist 48.2224 48.2224 48.2224 
ShearModlist 5.7553 5.7553 5.7553 
CoilAlignmentAngles -0.1190 -3.0760 -0.1190 -3.0760
CoilTurnAreaMat  1.8367  0.0 0.0 0.0 2.8032 0.0 0.0 0.0 1.8448 1.8367 0.0 0.0 0.0 2.8032 0.0 0.0 0.0 1.8448
SegmentLengths 10.72 16.14 15.395 15.61 150.0
ActMass 8.2859e-06 8.2859e-06
MarkerLoc 2.18 18.79 50.06 101.52 104.02
rho 2.8814e-7 2.8814e-7 2.8814e-7 2.8814e-7 2.8814e-7 
ustarlist 0.000128 -0.000173 0.0 0.00567 -0.00822 0.0 -0.00250 0.00188 0.0

